$ANSIBLE_VAULT;1.1;AES256
33653132343439646338643134626562613930316632323961616530373530366432383832316264
6466363666326362663138313663303032303434633333320a646430623739633362313436666333
33643963316665376132663439343765623834363565336638616362626566343934656664613364
3831333666363663650a353464393632336139636237353561616638363339663964356433623234
32643763326166653566326466666534333562623162393061633236356635386132303565303532
34336164326533386165663561313335336538613065303761623035346234636332653332313466
32663166353134353432633837326539373462663436633531383231396464623566636262336131
30373361353662666366356565353166643964663665663437353534363037303134383337393439
38633166393832393334363366646330663531616631393034343331396365643130343336313231
38316464626133623531633133326235333832353134656365383162373162316236663766313631
36343436633966396263343436613634653063343137623164323734616565313763323031383435
65316661346366333531363866636663623865303637643063353162386639303939333163636239
36653336353035323934646362656639656264386363323664393438623131653664623435373262
61326237373134663464626262373365633364343233353034393861656331303531326430643262
38356662386561666261313864383664626139643237333339353936373138353138613930306633
36633663623733386438396236346462646230633131343162386666616237643139393938376138
34613131656135303963343430343839626363343333306263646332613563613536336135323231
34313633616232653238303837646264343730303862343733313764313335643766633361343634
30663364633964336636646431333133643136366437623636366435376231653532623263336236
38633431376237303133343033663632383735613861386333393063333865646135623338366532
30306230316535366430633138653435643963666561343066313866616236313835313136633866
32306262636436336434643066396330613161663461643066386565323835663836623163393661
30376330663535316564323462303432636636613337373665343261386566386261386262313837
63376664386638353336353730393163343163363730303030623037616466326161323861323235
38303136386437333633333536366330366335356666383963363564306462626266616632326631
37356431663435386137666639366165643336353637623632663630333162383766663233626565
62323164643931373238363631636237343561303162383732613661316132663732653737636139
61323030653164333031326232346131633738383361656534666635346164366164393239363762
64376438343635613662386331373361366463643563353831373564393161366666346661653930
64643566313531373430303931663134313739316132303236666361393131613631653338363230
36333462663636653866353061313632313432653031323239313234343838313061613430623164
65303265383134396562383839636462363430393837343266336637346433626632613838656235
36373932333233373031333337373038363966373231383335306562313564353263653935653764
64663463653863306266363839306364616638303131646562373432386432666235336262323465
36303133666361313030343730376265656435383735316665646664373732383930616130393439
64326665336262393330396236373765646638306235343737393832643231643036323036636364
65373435623932313131353664643563313633643362623237396139373530363763326136663566
34373132613234646437303638323263636536646366616636383265316333373161646264616564
31663562343331346332663130626235636333613837353037643436356361343039386262383862
63643036616161373338343836396262303862656164373831336334623733633363386663346235
31333761656466303638633330613639623465333937653666323830643833616564623063333262
35313238653438363532666431653731373236656363383539633564363761343731393332393164
66343762353963376433616331363733343064663032623937363534316666623336636163663065
31353839313531366337663764343232623965353164313663393661316131326663656436613334
37383961373831363864303963303138643034393662646234326136333365313530343331353737
39613033323733653762643162306632373936326338363162306635326464616465653166303633
36653464303161303361356164336261663734383566633934646532666162636339666439643965
36656364383233616661333239393763303665336264316131363238633530363564656636396163
65663766323064633631323538653039303162643639326239343237373333613165396432653531
66643035663831363832326431366530353638653234616331366239356136333434376630353033
63303165343037306130386436386263333834373061326462363062323034653364663837653735
66313537666432343438363234356631633239643035663637363366313566613330356632316635
62356231636139623461636334626237333463333334383662396131623931663962653836663639
30353234323735383364623962623832333934316637373735383136613563363436633264666630
35633764663330666264343465333837653466386463323037386436623438353263326665303166
34376464616332623363386361336531363536323036343866643263306361346262373061376136
35376139633131346666326230663531363838663430363335323263396661646238306632323937
66306262333962313938623431623232376438313730663066646532323264306361666131343765
63373363383133346366373963663964383263323734363936393432666466336331343963613765
30396263353564313732366137613063383132323462663566643430626131623032653035313236
64376331396435633237666362623737353531383462396663396435363066376336393835623764
33616634646166353763393563643734383664306538306630326134303764663130383831633734
35343736343439666635373362373764663465656439373461386135613064633336336664333262
33613362313633316161653866316332353735616433323638303066616633646438306239663433
30366164366436653861633065626264653435666261383038663739383064626562643635343161
62643532326566633338346134663638343535653364313130656162313366303134636136336334
34633662323438363331616530353035333763303939616433323662303130356162336333353431
63663830616536666364343362333731343338343939626630656565363535366362386130303231
36386436626237303130633738356565336131636662643031643130323035653761376330666535
61636163636534643335343564396663376638353666623437643766633339303563326163636666
39343962313465623661383066303532626562623135373530633062353933373865386531353438
32336437656461666538323132633462353464386534393065636535396133373433353265306163
38646464353064326237303638636137373037313736313539643065396664663832323535396234
30333363626239336630653137313933623635303831633034613066323163333932393232656561
36373238333934613535376639383935346462623535653734383062386236346536616262323630
64613562616533323938346330616236343861656662336134303265306638303338373063386635
61663531643734313535323966636161356530613134323034656437343665313631633739386666
63396162323335623964616138346666653862653735623331373434643366343561326530626465
37393838656362663265383034306131303566363739323433383537393531646531373338636638
36643434393232393330616638323466383661386163623134303232313361396232323665616165
64316662363131333762396238366536613737313435326364386664626131656266363266313231
32613031313666666162373230343931393362326661356230626261613234356231306532626131
33613636633838366430353530643166646466616233643730653631306436333861626630656265
64663637353435333938333362376130633436373032376662663737646265646663333563393935
64353766646335353638346664346562346236393363363839633630303836633466373862363166
35366664646565316138393965333265633636336466666166663034343331636563623635313830
64633030333261613631383537393735636337353731623833316234363735633338326132666230
65633266323563333662356131316636613830393566366231636138353033613766363530313634
64656336343638306239656161346263633265326263353363626263643564646662383132656361
30363438666334333164616131363535373966396463303331336631396534316239376437353638
30386330613364366266656264373862323335353462346364646236663363373638353931643135
33653564653034346165386265353933623933616163373865303934383839616432353132323039
66383836366266353265326266336434313761356535313834376239323163653334663062623762
62363638336662303565376664623435643731313032393237366638633034376235343937336534
62646335383339626562366363313565623261366239386566623962356237633432303362633130
66646632666238633032636236633234313164303062336438646434633938613531363765633632
65323531343366663865313538303163346631373937353363646261326262383939336530666361
31356664666237623536666635373565346566326164383131323032663030323938323430633065
33656265333031306563386266373632626635613232343637396431626462353332323534633932
63373234396465363532653038373431383235343831656635626161356638313165393536323930
35353263386636346332336661356463393636343034373936373466613932303661646136656133
65366335656531646432653539643139396533363733663662633631343839353732333730353361
37643062396366313632336431376133363865623839643466396433343164353662303530366338
37613436343530396463386433383439366266373034303933303334623134366366333235376539
36303962636632386435323133613338643164633936346165333363333534633830366438666464
38643036376533336537343331643862353066366137613561663637663866316561303235333661
63323230663930666633656533316638313037653632313264306461343832346534333834393366
38373731313239376635313237653663386164326366343435613361343036313637623266633063
30306438353735396138333264326435663933663164383462313161333439613735323038336436
64626235303666623464313764313137633530663036623034393461313263383866356139313539
66666136656534396166653233663038663166666430613161386132303262616162666533356463
39373735336539363331373765656334383534633637366436663333343930323933396537363966
34626337346563363231303232336637616162366463313238333962396632663666623436373030
35623164373233363464326664393262323334393264653266323635623032303236343535393037
38303865326130316638383365323234343438643165386663643264383136366362643438343731
36353862613763303964333538626466303032343836373565663666323634626465383365393363
64613462643539386538376566663636643631333331373362396439323736346162383664333664
66623663383837373337393731353965313530656530393331393239366332626437623935313439
65376264623234356438363235323035633038366365663738623037633635613833663061333238
36323062393765313731383166333631313037323731383733616666373239323036643136383164
61313964373133653261646461313230646631663838363761653462393037316430646463626564
34626566366366363435306639326466636231313466326233336364346166353264663133663835
35633630333663663333383432666632366266363565383661386436313231393136653364653062
32316634343664626530373630616430363463306538346632366232336139313236326435373161
64613538646365613261346364316466666438373339366632366463623363363962613739363837
33366262316163313431346532643835333831373362373136353463343831336166363736336530
39653433383134383262353338366334323439616430373336616366393861623237353639356464
38386638386139373238383863316432613734333362383633383062343438333733373234343731
63623730613734653334316430303633323665663761626434653030363063376530633330373065
37336432623965653866633232303834316334396134343230343961393238653336616665386132
34396539373463613834333465646635613361353532306133613038386535326266626665353630
36663038313261376338333765373662343131346531633564653864666337363162646635313037
37303632376534373832636262656237363534393765643430303437323130323463653933396232
3835303666333037333731393565613131666338626634623437
