$ANSIBLE_VAULT;1.1;AES256
61326635653765393839376539663138626365623232396539653762626238643234303862666234
6433323839333536653162663538303661643263613835610a396230633463643739396632323335
61303666393531366231383738353633323864353937316538393135343139396366306563333039
3039626438356561310a383661383639316564656634326532613531653639626436633332326639
64353533366133326239343232306163633431643539646530333637343165356664396363656132
61653839326435653030666161646365366465366539623430373161333237326166656162363761
32363233346661363331313139366663653237316562643833626334343732656361333436616438
66386237393761666363376462643232656462336665376333306636363565333765666466303435
32353164353665343639376330326663646533386564373265636332313635653166343430613133
66613135616437613738386666343338636461636466363139363063666163326234666637633563
63373832653661363036356161313536353466336233326563363732646634666337316237346538
63353736646135653664303935643066666563373461613333643831383264333265666334323232
39646139353765653164373031623863653735303264316637356564636139393731646665373132
66666539363837643364643432663364663832646166343566653335656436663339333838316539
63346536333462663465386437386538366166623036343832613730396464633531336635306234
34353339663732643261323731633835386463393039303837343234326634313739653237653133
30366335343564326235303664303965363532396163643437643839653130633638353738303533
35333161396365363764373338663761313431343135383732393062313031343934623237626633
63343530656262303237643535636533393932623130356338663439306265653135616336346663
32666361306138393339373132316431363830393431343537303736626535366366633363303465
31303630393962346139663637396438373834336634383032343635373861336235316336303636
66303834663764636238643664363935663062323233653266626562343731663933333137666638
66326438663235396639383539386330383435346638653136333338386564623661616231333066
63373738333966626562303866303434323433363532363664653138623137633438333764386339
34343039653965363061616536646165303762333938393233346137383532626235666633653739
37386233376333386230633661336637393362353138393736663562323165333863353531313130
38303764333735343234636332616232623530633338386361303739626261643639626435343331
66306362666637616636323430333832376639343930326162323337313337303339323337623731
65336237346338643937623039373364646162646431633562396562626634396139333934616336
31306331383330336436383762363738643335383336633835613939663864363131323166353937
34376630386233373962383536373365356539363766653032643130303934616564643130646264
32653165346663323235613338636639376238346339656238333761353566323162333639643838
33653738336131663639346361653836336634303364353634326538376364323038666539393431
31323864613739656634303464656361323366386437333834646333363432633231383032306366
61643936303165346361653265333336346334666636306634316537643531316164303066393434
33653333353061633130313038643032636434343032616335393336396239343231363465376438
36613235636663636365393633373764303630613139343862343639663132363637373732633839
34373138666137353663376134353965666163323136313934643362643133656434623536396436
61316337666130623331313232646538623362616239303866656237633532323833356239396262
64356339343566386561653534333663656166353833373935363761643766363633363037366232
35656239323863393061303866613461343835633961303062336361613466653562616135373165
38646237303066653538333862356133356533353839613639343465376638633635303966663937
63636231303866333638356265616664373539396632303033373863613464656466383963303137
31663863653566366365346265373733633836386639373761373464373638303637636365613261
61643135336637303665383261616166356239333030373061633562393862323866326538373331
62303063666665383935643165613039633062366562616235613538613665313838383463633364
64306438656364356263653165643238326630663031316562356366653131663931623331376539
66333334386363393639303737376563313034363338643033393663353666666665613137343262
32646262313733303030383430363036636662343436363665613565333464643862643963373537
66383132383663356562313763326436643730386636386534353165356562663866303737366135
38366437323930663533366563333734653164323932336366643039663236653133383039663231
61343332653637326135396430623765653735376535333661646537646439313739326163323261
38396536363138363466313239353435323965666133343966343634383163633461353033636536
38616265613531323530633831646632376635303564346161363765313031396635373961663433
35613337356165393739306632346632316363343362636162633634303039393237613131303166
30373530623533343734646339616339636332306636626231316239656263323162386562366165
62313635373261636365383634366332376633613763366539323434343961623734353431343135
66316339313331373839393032353531633165626233663563663063633237643333333463613266
63653934626530653839373331613366313463323365363931303133343136353338393139393038
65353461646362656266336462303764343430303466383431326238623139333933336536623061
65336639363631386537656362346339653337353739663035623836656538373364653238363530
35396565633334393734653431343062383234303839316336633463343866646661623335386530
64313437613137346663386263393630373633633234663464653938343038623334303962643865
31396266383136346439373261616664636635366133656632303565363030363732613338643261
64643830656636623232626639323763316438383835383932333337353939373561353364376663
63616632333437353861363235393937373435373035636532383333346335323938316431313862
34396436363835663961353866323336363738353436316661386164383331373433393436643937
34666166346638383464363734376566353663653130316535636234333831323366636131623466
35653634613064666338616135333363626365666232366363376139313064663236313166336564
62393633626264343430646265383734376463323235653132356131336537633931393362333463
36373136653961303331333364363866636239373931643731646361663862396565633034393665
61366235613664353239393464363864363438633131323230353562353162636231316361356331
36373363366235626635613738363535393861623036363738663033303564366333323662383961
37336636336230313538333631666536373333373263343664333061656363643661323463323465
38633138313730666539663531373864363731666434303061313963366362316338323363613533
65616536623037313265636131326530386430346232616663363230633634383065316462346539
63393431316231363532333937366363393134616135376538613363303562313866363162656563
37653962356536353561623864663433323939396165666330663432343037643337393235303439
63376333613735326666646234313761663065363636376332383363376439333063666563643363
39653938343739383636306136343832343331316331376435373164613962363264336561396430
38613236333633303264393337646334396161373166663963636661666335656663336434353065
31663865343832373264306336386637626366663535613833663365366436353564396433633364
64356464333633346236643438393534633734393038653061306233323861366661346365353837
33613730623239326135313164366364613363373965636364373839633861633134633030363566
33396438383534306635643436393633623033323163663263306538633039346238363165666565
36633066666335303336353863303739633139366132626464333734633438643635346239643732
66306431376631313139386133396139383461333463363338393436343737663861346136653934
63643633656532313237386131636265646130666239356664373432643161613633326563633066
38316130636361616233643432353264353863383264363630346636326130306363306562633264
35336331323437333035396639393965353433653761613233636333353336633539643637663464
39373962313535393961323965373662336561666539336130343561636363623632643566633538
36656362616236383565333461326266333537363863646434653836356231613965373862633132
33316334666132623262303764326364363937343730313638653032646539666535623435626566
37396263363561326363386335636265336633373366643236646237306165343733613161653361
31303964663638386439306433343431323932373033393165656266386533333163333163323539
36373735323865656461343335363162326464623634313331353030643666303039306564393461
39333763313938303234616535636438386666333433346265393264663563643639666564653634
66313539666264316563633739373566613438623965306164663465646138623137643565663836
31316532666464643036643532346432333835383362393936386638373862666539653931343936
62613731613366343963626463333735373761373435376435343638623931396563303965613839
61663263393664383738356364343531643633336261323833373835333462333562323139333764
38633862313761663963346461373933313235383864306430643238363635393634633137363661
39323464336665373839396462376562313138343562626463386432343632616133313934373939
39333265616466626334343037396264303531633862373363356539313431613164376436623137
66613231383035323634666532663261386534343766626632613233363431666362393563353338
63393738303139396563333837663565373463616437636134316262633433316432343833373335
33383933356136306530643035616264303963303033633233356265313837363438336538396336
36343561306166643530336236303138346439323739346135323933323935633231643633363638
62613438336430633633376336356436646566636638323233653335343330313565643839613465
32323431343465646463643666393437376664653539366464393636643537623233663562666432
39626564366631363666383730383133386638663666363365643166313264336435303831373861
32313730643465633962393338616538363532623839643432343536326661306463313631386536
66303234343132343231653062666135336532633736613661363564343936643266393665616532
30356662366663393332633765333364396235663030303837386462663739376535643761656538
66663336626234303630613034343062633463383830636332386539336332663861613331363939
64386438393139353732646138333730663939353262616331303133656665303865383835306635
37373836656164653035393135393637326133313439393438313832653262306261303237326431
63616535393434333364653461653663656263643535353266396433383465393830363064336538
63643439376335306232626634666464643737316165636635306365353836633733343332663238
30363163313239643338623839356432346565313430313736393537623766333662633333643264
33333665303632656536343330343330396630616365333438626531333165336534653531653763
63633463356666313163663863623039306334323639613739346531393835653334306137303633
63616237666535313764616338373362643230656332303738383338383030376366653238373463
37663765643563626163613062613036666436633932653762613664343733316138363336386336
34626661336564616564333963663564656335396535613461326130303063396239666436326139
66393539336531653338323437643037393134666636366234383637613737666461616461303965
39363365633364316566623366666163396536326232323734326363656465343938343432303937
65623634643762663238373836623163393763333664316134616539356331316638306636383364
64343765363438653730373463353662373138313236613531633235333435366232336164346335
65303739653835323830623761623237643533313230363264623239373862363939626665653766
33323535623161363664376238313365356537633230653536323964636437346238353337666239
39353035393363316430373939373666356166646237363438613334653161353135333234636266
30633833326338313264633762323933353664333865383930326335323561646565646564363337
33323538636563313262383466653036333030623936373935323230663732643832376536313737
343066626561643531626130326332616132
